ISS (ZARYA)             
1 25544U 98067A   25079.03207457  .00025856  00000+0  46493-3 0  9995
2 25544  51.6372  28.6058 0003866  33.6212  62.5054 15.49663618501338
CSS (TIANHE)            
1 48274U 21035A   25078.56861757  .00060900  00000+0  69126-3 0  9994
2 48274  41.4658 206.3741 0005184  39.1805 320.9408 15.61427880222141
ISS (NAUKA)             
1 49044U 21066A   25078.82141387  .00025589  00000+0  46039-3 0  9995
2 49044  51.6365  29.6514 0003872  30.0919 330.0292 15.49653565500629
FREGAT DEB              
1 49271U 11037PF  25067.67566116  .00008999  00000+0  19934-1 0  9994
2 49271  51.6599 301.3428 0908550 335.1230  20.8289 12.27890519167552
CSS (WENTIAN)           
1 53239U 22085A   25078.56861757  .00060900  00000+0  69126-3 0  9997
2 53239  41.4658 206.3741 0005184  39.1805 320.9408 15.61427880214947
CSS (MENGTIAN)          
1 54216U 22143A   25078.56861757  .00060900  00000+0  69126-3 0  9998
2 54216  41.4658 206.3741 0005184  39.1805 320.9408 15.61427880135888
CYGNUS NG-21            
1 60378U 24139A   25078.82141387  .00025589  00000+0  46039-3 0  9992
2 60378  51.6365  29.6514 0003872  30.0919 330.0292 15.49653565500622
SOYUZ-MS 26             
1 61043U 24162A   25078.82141387  .00025589  00000+0  46039-3 0  9998
2 61043  51.6365  29.6514 0003872  30.0919 330.0292 15.49653565501230
SHENZHOU-19 (SZ-19)     
1 61683U 24194A   25078.56861757  .00060900  00000+0  69126-3 0  9992
2 61683  41.4658 206.3741 0005184  39.1805 320.9408 15.61427880221969
TIANZHOU-8              
1 61983U 24211A   25078.56861757  .00060900  00000+0  69126-3 0  9995
2 61983  41.4658 206.3741 0005184  39.1805 320.9408 15.61427880 16290
PROGRESS-MS 29          
1 62030U 24215A   25078.82141387  .00025589  00000+0  46039-3 0  9994
2 62030  51.6365  29.6514 0003872  30.0919 330.0292 15.49653565 18263
1998-067XC              
1 62296U 98067XC  25078.23078221  .00699159  00000+0  22706-2 0  9999
2 62296  51.6248  21.8995 0002847  91.4501 268.6831 15.88472598 15634
YOMOGI                  
1 62298U 98067XE  25078.83768731  .00806290  27680-3  24867-2 0  9992
2 62298  51.6215  18.4368 0002610 113.9923 246.1356 15.91183939 15738
ISS DEB                 
1 62376U 98067XG  25078.70631972  .00626251  00000+0  26267-2 0  9997
2 62376  51.6282  21.3624 0003632 103.5123 256.6285 15.83351499 14071
PROGRESS-MS 30          
1 63129U 25041B   25078.82141387  .00025589  00000+0  46039-3 0  9992
2 63129  51.6365  29.6514 0003872  30.0919 330.0292 15.49653565  2389
CREW DRAGON 10          
1 63204U 25049A   25078.82141387  .00025589  00000+0  46039-3 0  9994
2 63204  51.6365  29.6514 0003872  30.0919 330.0292 15.49653565500779
